264 14 53 0 0 0 12 58 1
126 14 29 0 0 0 7 30 1
87 13 19 0 0 0 2 23 1
68 24 31 0 0 0 4 37 0
88 21 110 0 0 0 8 139 0
147 111 309 0 0 0 47 363 2
365 157 688 0 0 0 149 800 0
704 142 583 663 170 27 226 1200 111
686 225 712 772 278 114 354 1100 263
758 178 683 287 252 99 390 900 180
914 147 525 0 0 0 295 500 106
1026 139 465 0 0 0 239 286 94
1212 139 448 0 0 0 256 216 124
981 138 557 0 0 0 453 64 226
1177 139 469 0 0 0 293 213 118
1311 140 466 0 0 0 183 373 65
1810 141 470 0 0 0 154 409 62
1807 553 591 0 251 73 116 500 72
1644 585 779 0 204 1 115 550 40
1304 487 661 0 163 0 120 600 4
684 200 305 0 0 0 50 344 12
495 205 152 0 0 0 31 169 3
441 205 152 0 0 0 23 154 0
389 206 99 0 0 0 12 118 2