77 10 191 0 0 29 94 1 0
43 10 93 0 0 25 35 1 0
28 10 65 0 0 13 28 1 0
52 20 56 0 0 6 29 1 0
209 20 56 0 0 8 45 1 0
558 100 133 0 0 10 177 1 0
1315 150 349 0 0 19 293 1 0
1828 671 717 240 29 75 500 43 0
1651 623 829 330 111 144 500 103 0
1191 463 628 254 118 174 500 73 0
1074 150 312 0 0 156 519 75 0
1006 150 370 0 0 258 302 162 0
963 150 435 0 0 306 200 283 0
1216 150 357 0 0 214 300 145 0
1011 150 423 0 0 178 500 102 0
1001 150 470 0 0 198 606 112 0
1000 150 642 0 0 243 860 150 0
1109 115 471 187 76 239 1200 210 500
1078 218 691 163 1 204 1000 203 600
999 199 762 150 0 292 800 4 400
609 200 342 0 0 119 307 18 0
298 200 242 0 0 139 172 4 0
260 200 216 0 0 105 174 1 0
192 200 189 0 0 196 48 1 0